Stop Number | Trip Dist  |  Trip Cost | Total Dist | Total Cost |
-----------------------------------------------------------------
          1 |      20.40 |      73.80 |      20.40 |      73.80 |
          2 |      12.00 |      54.00 |      32.40 |     127.80 |
          3 |      14.21 |      53.69 |      46.61 |     181.49 |
          4 |      45.73 |     208.61 |      92.34 |     390.11 |
         14 |      31.42 |     139.63 |     443.36 |    1928.40 |
         24 |      43.99 |     187.96 |     781.23 |    3371.50 |
         34 |      57.48 |     246.81 |    1259.00 |    5419.25 |
         44 |      52.25 |     229.80 |    1718.25 |    7384.33 |
         54 |      61.52 |     267.45 |    2058.58 |    8835.37 |
         64 |      24.05 |      85.67 |    2479.46 |   10653.23 |
         74 |       3.94 |      20.30 |    2836.93 |   12190.02 |
         84 |      55.98 |     234.44 |    3217.94 |   13825.79 |
-----------------------------------------------------------------
      Total |                              3217.94 |   13825.79 |
